# height tau_500 colmass temperature v_turb hydrogen_density proton_density electron_density pressure p_ratio density
#     km        m/m      g/cm^2       K   km/s       cm^-3       cm^-3       cm^-3    dyn/cm^2  Pa/Pa      g/cm^3
 2218.20  0.000E+00  6.777E-06  100000  11.73  5.575E+09  5.575E+09  6.665E+09  1.857E-01  0.952  1.306E-14
 2216.50  7.696E-10  6.779E-06   95600  11.65  5.838E+09  5.837E+09  6.947E+09  1.857E-01  0.950  1.368E-14
 2214.89  1.531E-09  6.781E-06   90816  11.56  6.151E+09  6.150E+09  7.284E+09  1.858E-01  0.948  1.441E-14
 2212.77  2.597E-09  6.785E-06   83891  11.42  6.668E+09  6.667E+09  7.834E+09  1.859E-01  0.945  1.562E-14
 2210.64  3.754E-09  6.788E-06   75934  11.25  7.381E+09  7.378E+09  8.576E+09  1.860E-01  0.941  1.729E-14
 2209.57  4.384E-09  6.790E-06   71336  11.14  7.864E+09  7.858E+09  9.076E+09  1.860E-01  0.938  1.843E-14
 2208.48  5.065E-09  6.792E-06   66145  11.02  8.488E+09  8.476E+09  9.718E+09  1.861E-01  0.935  1.989E-14
 2207.38  5.814E-09  6.794E-06   60170  10.86  9.334E+09  9.307E+09  1.059E+10  1.862E-01  0.931  2.187E-14
 2206.27  6.643E-09  6.797E-06   53284  10.67  1.053E+10  1.047E+10  1.182E+10  1.862E-01  0.925  2.468E-14
 2205.72  7.095E-09  6.798E-06   49385  10.55  1.135E+10  1.125E+10  1.266E+10  1.863E-01  0.921  2.660E-14
 2205.21  7.553E-09  6.800E-06   45416  10.42  1.233E+10  1.217E+10  1.365E+10  1.863E-01  0.916  2.888E-14
 2204.69  8.049E-09  6.801E-06   41178  10.27  1.356E+10  1.332E+10  1.491E+10  1.863E-01  0.910  3.178E-14
 2204.17  8.607E-09  6.803E-06   36594  10.09  1.521E+10  1.483E+10  1.657E+10  1.864E-01  0.903  3.564E-14
 2203.68  9.192E-09  6.805E-06   32145   9.90  1.724E+10  1.667E+10  1.858E+10  1.864E-01  0.894  4.040E-14
 2203.21  9.811E-09  6.807E-06   27972   9.70  1.971E+10  1.887E+10  2.098E+10  1.865E-01  0.883  4.618E-14
 2202.75  1.050E-08  6.809E-06   24056   9.51  2.276E+10  2.154E+10  2.389E+10  1.866E-01  0.871  5.332E-14
 2202.27  1.133E-08  6.812E-06   20416   9.30  2.658E+10  2.483E+10  2.743E+10  1.866E-01  0.856  6.228E-14
 2201.87  1.210E-08  6.815E-06   17925   9.13  3.008E+10  2.778E+10  3.049E+10  1.867E-01  0.843  7.048E-14
 2201.60  1.269E-08  6.817E-06   16500   9.02  3.255E+10  2.979E+10  3.256E+10  1.868E-01  0.834  7.626E-14
 2201.19  1.361E-08  6.820E-06   15000   8.90  3.570E+10  3.218E+10  3.498E+10  1.869E-01  0.823  8.364E-14
 2200.85  1.441E-08  6.823E-06   14250   8.83  3.762E+10  3.343E+10  3.619E+10  1.869E-01  0.816  8.814E-14
 2200.10  1.626E-08  6.830E-06   13500   8.74  4.013E+10  3.441E+10  3.699E+10  1.871E-01  0.808  9.403E-14
 2199.00  1.901E-08  6.840E-06   13000   8.66  4.244E+10  3.456E+10  3.695E+10  1.874E-01  0.801  9.944E-14
 2190.00  4.150E-08  6.936E-06   12000   8.48  4.854E+10  3.411E+10  3.663E+10  1.900E-01  0.785  1.137E-13
 2168.00  9.845E-08  7.203E-06   11150   8.30  5.500E+10  3.619E+10  3.889E+10  1.974E-01  0.775  1.289E-13
 2140.00  1.755E-07  7.588E-06   10550   8.10  6.252E+10  3.806E+10  4.095E+10  2.079E-01  0.769  1.465E-13
 2110.00  2.620E-07  8.063E-06    9900   7.87  7.314E+10  3.923E+10  4.238E+10  2.209E-01  0.760  1.714E-13
 2087.00  3.300E-07  8.483E-06    9450   7.70  8.287E+10  3.954E+10  4.291E+10  2.324E-01  0.753  1.942E-13
 2075.00  3.659E-07  8.724E-06    9200   7.61  8.882E+10  3.956E+10  4.305E+10  2.390E-01  0.748  2.081E-13
 2062.00  4.049E-07  9.005E-06    8950   7.52  9.569E+10  3.952E+10  4.314E+10  2.467E-01  0.743  2.242E-13
 2043.00  4.620E-07  9.453E-06    8700   7.41  1.055E+11  3.937E+10  4.314E+10  2.590E-01  0.738  2.471E-13
 2017.00  5.405E-07  1.014E-05    8400   7.26  1.203E+11  3.921E+10  4.313E+10  2.778E-01  0.732  2.818E-13
 1980.00  6.528E-07  1.128E-05    8050   7.06  1.446E+11  3.908E+10  4.310E+10  3.092E-01  0.727  3.388E-13
 1915.00  8.526E-07  1.387E-05    7650   6.74  1.971E+11  3.974E+10  4.351E+10  3.800E-01  0.724  4.619E-13
 1860.00  1.026E-06  1.676E-05    7450   6.49  2.547E+11  4.100E+10  4.423E+10  4.593E-01  0.727  5.968E-13
 1775.00  1.307E-06  2.298E-05    7250   6.12  3.788E+11  4.399E+10  4.630E+10  6.297E-01  0.736  8.875E-13
 1670.00  1.691E-06  3.510E-05    7050   5.69  6.292E+11  4.922E+10  5.085E+10  9.616E-01  0.752  1.474E-12
 1580.00  2.068E-06  5.186E-05    6900   5.34  9.900E+11  5.390E+10  5.535E+10  1.421E+00  0.767  2.320E-12
 1475.00  2.589E-06  8.435E-05    6720   4.93  1.726E+12  6.037E+10  6.191E+10  2.311E+00  0.787  4.045E-12
 1378.00  3.191E-06  1.363E-04    6560   4.53  2.970E+12  6.824E+10  7.007E+10  3.735E+00  0.809  6.959E-12
 1278.00  4.019E-06  2.312E-04    6390   4.04  5.393E+12  7.768E+10  7.994E+10  6.335E+00  0.837  1.264E-11
 1180.00  5.185E-06  4.022E-04    6230   3.53  1.002E+13  8.783E+10  9.083E+10  1.102E+01  0.867  2.347E-11
 1065.00  7.434E-06  8.074E-04    6040   2.94  2.164E+13  9.992E+10  1.047E+11  2.212E+01  0.901  5.070E-11
  980.00  1.030E-05  1.396E-03    5900   2.52  3.931E+13  1.068E+11  1.142E+11  3.824E+01  0.924  9.210E-11
  905.00  1.442E-05  2.314E-03    5755   2.19  6.806E+13  1.078E+11  1.192E+11  6.341E+01  0.940  1.595E-10
  855.00  1.847E-05  3.282E-03    5650   1.99  9.931E+13  1.051E+11  1.208E+11  8.993E+01  0.949  2.327E-10
  805.00  2.391E-05  4.710E-03    5490   1.77  1.481E+14  9.014E+10  1.122E+11  1.290E+02  0.958  3.471E-10
  755.00  3.090E-05  6.868E-03    5280   1.54  2.268E+14  6.493E+10  9.690E+10  1.882E+02  0.967  5.313E-10
  705.00  3.998E-05  1.022E-02    5030   1.38  3.560E+14  3.637E+10  8.387E+10  2.799E+02  0.972  8.341E-10
  650.00  5.553E-05  1.624E-02    4750   1.18  6.033E+14  1.375E+10  9.000E+10  4.451E+02  0.978  1.414E-09
  600.00  8.534E-05  2.538E-02    4550   1.00  9.895E+14  5.368E+09  1.255E+11  6.954E+02  0.983  2.319E-09
  560.00  1.404E-04  3.680E-02    4430   0.89  1.478E+15  2.825E+09  1.767E+11  1.008E+03  0.986  3.464E-09
  525.00  2.393E-04  5.125E-02    4400   0.80  2.078E+15  2.424E+09  2.413E+11  1.404E+03  0.989  4.869E-09
  490.00  4.287E-04  7.149E-02    4410   0.72  2.898E+15  2.618E+09  3.300E+11  1.959E+03  0.991  6.791E-09
  450.00  8.510E-04  1.044E-01    4460   0.65  4.192E+15  3.600E+09  4.714E+11  2.860E+03  0.993  9.821E-09
  400.00  1.984E-03  1.664E-01    4560   0.55  6.549E+15  6.715E+09  7.344E+11  4.558E+03  0.995  1.534E-08
  350.00  4.526E-03  2.626E-01    4660   0.52  1.012E+16  1.267E+10  1.134E+12  7.194E+03  0.996  2.372E-08
  300.00  1.009E-02  4.103E-01    4770   0.55  1.545E+16  2.604E+10  1.737E+12  1.124E+04  0.995  3.619E-08
  250.00  2.203E-02  6.344E-01    4880   0.63  2.331E+16  5.605E+10  2.645E+12  1.738E+04  0.994  5.463E-08
  200.00  4.728E-02  9.705E-01    4990   0.79  3.476E+16  1.253E+11  4.004E+12  2.659E+04  0.990  8.145E-08
  175.00  6.873E-02  1.195E+00    5060   0.90  4.211E+16  2.028E+11  4.945E+12  3.274E+04  0.988  9.866E-08
  150.00  9.922E-02  1.466E+00    5150   1.00  5.062E+16  3.579E+11  6.153E+12  4.017E+04  0.985  1.186E-07
  125.00  1.421E-01  1.790E+00    5270   1.10  6.024E+16  7.119E+11  7.770E+12  4.905E+04  0.983  1.412E-07
  100.00  2.021E-01  2.174E+00    5410   1.20  7.107E+16  1.485E+12  1.003E+13  5.957E+04  0.980  1.665E-07
   75.00  2.874E-01  2.625E+00    5580   1.30  8.295E+16  3.281E+12  1.353E+13  7.192E+04  0.977  1.944E-07
   50.00  4.132E-01  3.148E+00    5790   1.40  9.558E+16  7.614E+12  1.980E+13  8.624E+04  0.975  2.240E-07
   35.00  5.218E-01  3.496E+00    5980   1.46  1.027E+17  1.439E+13  2.779E+13  9.578E+04  0.973  2.405E-07
   20.00  6.746E-01  3.869E+00    6180   1.52  1.098E+17  2.588E+13  4.064E+13  1.060E+05  0.972  2.572E-07
   10.00  8.141E-01  4.132E+00    6340   1.55  1.142E+17  3.926E+13  5.501E+13  1.132E+05  0.971  2.675E-07
    0.00  9.999E-01  4.404E+00    6520   1.60  1.182E+17  6.014E+13  7.697E+13  1.207E+05  0.971  2.771E-07
  -10.00  1.253E+00  4.686E+00    6720   1.64  1.219E+17  9.269E+13  1.107E+14  1.284E+05  0.970  2.857E-07
  -20.00  1.611E+00  4.975E+00    6980   1.67  1.246E+17  1.536E+14  1.730E+14  1.363E+05  0.970  2.919E-07
  -30.00  2.145E+00  5.269E+00    7280   1.70  1.264E+17  2.597E+14  2.807E+14  1.444E+05  0.970  2.963E-07
  -40.00  2.946E+00  5.567E+00    7590   1.73  1.280E+17  4.249E+14  4.480E+14  1.525E+05  0.971  3.000E-07
  -50.00  4.129E+00  5.869E+00    7900   1.75  1.295E+17  6.668E+14  6.923E+14  1.608E+05  0.971  3.035E-07
  -60.00  5.858E+00  6.174E+00    8220   1.77  1.307E+17  1.022E+15  1.050E+15  1.691E+05  0.972  3.062E-07
  -70.00  8.362E+00  6.481E+00    8540   1.79  1.317E+17  1.515E+15  1.546E+15  1.776E+05  0.972  3.085E-07
  -80.00  1.196E+01  6.790E+00    8860   1.80  1.325E+17  2.180E+15  2.215E+15  1.860E+05  0.973  3.104E-07
  -90.00  1.695E+01  7.102E+00    9140   1.82  1.337E+17  2.942E+15  2.979E+15  1.946E+05  0.973  3.134E-07
 -100.00  2.365E+01  7.417E+00    9400   1.83  1.351E+17  3.826E+15  3.867E+15  2.032E+05  0.974  3.166E-07
